Gene.Name	EV_mean	KO_mean	adj.pval	log2FC
1	ABCC6P1	24.3666666666667	49.1933333333333	0.0535836450923239	0.984561805478362
2	ABHD8	10.4533333333333	6.50333333333333	0.0570920549878438	-0.610163979684308
3	ABLIM2	10.17	5.38666666666667	0.0881097673790573	-0.806494125468291
4	ACTR5	4.32666666666667	2.04333333333333	0.0362750512899747	-0.807580642943755
5	ADRM1	114.983333333333	64.6	0.0288819320512625	-0.822149786734106
6	AGMO	30.73	21.5733333333333	0.0999096699883845	-0.491228048743152
7	AHCTF1	44.6966666666667	69.7533333333333	0.0847797109587911	0.630709185793275
8	ALB	11789.09	26288.4933333333	0.0340459861699237	1.15691160653677
9	ALCAM	153.843333333333	94.1433333333333	0.0849169547172538	-0.70263479425123
10	ALDH2	24.58	46.1233333333333	0.0783110432896307	0.881425329562164
11	AMN1	4.50333333333333	6.34333333333333	0.0785847548050666	0.416129374787625
12	AMOTL1	16.5733333333333	9.68666666666667	0.0457359648156659	-0.717575944853504
13	ANAPC4	31.1933333333333	52.6733333333333	0.0807750501481607	0.737443525361397
14	ANAPC7	52.5566666666667	64.0966666666667	0.0549333612233871	0.281517499763633
15	ANGPTL8	4.25666666666667	29.7466666666667	0.0576742517731945	2.54820985286126
16	ANKEF1	14.1533333333333	9.42666666666667	0.0516180631568979	-0.539357171510496
17	AP4M1	16.6233333333333	10.3066666666667	0.0337259010946677	-0.640313156817743
18	AP5S1	12.53	6.1	0.0849669757548827	-0.930270909584493
19	APOC1	288.093333333333	395.83	0.0962534743307669	0.456985756546989
20	APP	252.906666666667	126.58	0.0966972017336429	-0.992896091783464
21	ARFRP1	20.3133333333333	11.3766666666667	0.0582592761576514	-0.78413342892578
22	ARHGAP24	7.80666666666667	3.98666666666667	0.0556370007308263	-0.820520291359191
23	ARHGEF18	49.2833333333333	24.9266666666667	0.0380355992497161	-0.955643556599856
24	ARID5A	11.4266666666667	8.85	0.0847797109587911	-0.335243729589386
25	ARL4A	79.3633333333333	37.05	0.0943139736298284	-1.07864095210115
26	ARMC5	5.32666666666667	3.73666666666667	0.0911159933509345	-0.417573437778329
27	ARRDC3-AS1	0.913333333333333	0.606666666666667	0.0739991363731858	-0.252017590445726
28	ART4	1.95333333333333	8.91666666666667	0.0211833510765283	1.74751106452765
29	ARV1	15.7333333333333	23.7533333333333	0.0844965691223293	0.564897951016606
30	ARVCF	24.6	10.1766666666667	0.0299727492126448	-1.19565382781473
31	ASAP2	10.0833333333333	3.78	0.0323217134355103	-1.21330931657401
32	ASB3	12.7233333333333	10.08	0.0513171183819814	-0.308673066550925
33	ASS1	41.32	28.8633333333333	0.0642046148032698	-0.502964419947628
34	ATF1	17.2266666666667	21.5466666666667	0.0638512831540275	0.306863416803923
35	ATP11B	38.19	68.1266666666667	0.0410337152507767	0.818756786678442
36	ATP9A	31.0933333333333	11.5266666666667	0.0299727492126448	-1.35727107505444
37	B3GALT1	13.4233333333333	3.47666666666667	0.0513171183819814	-1.68790781599445
38	B4GALT2	17.05	12.9633333333333	0.0965639414646336	-0.370355453629166
39	BABAM1	89.5933333333333	69.05	0.0806301798827486	-0.371019837133976
40	BCL7C	28.3533333333333	17.3133333333333	0.0250255346466111	-0.680629933861037
41	BMF	53.3433333333333	23.3133333333333	0.0299727492126448	-1.16035536193236
42	BMP2	9.85666666666667	13.7866666666667	0.097014512776089	0.445715645765807
43	BOLA1	12.4933333333333	17.4	0.0453885373263092	0.447458976971221
44	BTBD3	70.14	23.5133333333333	0.0299727492126448	-1.53709429857971
45	BTD	23.39	18.4233333333333	0.0842581126781958	-0.328498948170019
46	C17orf58	8.21333333333333	5.89333333333333	0.0849669757548827	-0.418521430073324
47	C1orf115	17.64	26.94	0.0881357843704912	0.583930160755183
48	C4orf19	35.9166666666667	21.94	0.0317404600121645	-0.686406901592762
49	C6orf120	16.7166666666667	11.68	0.0764893828410433	-0.482552445557903
50	C8G	23.5433333333333	38.06	0.0472526154245141	0.670360748435349
51	C8orf33	27.6266666666667	20.9733333333333	0.0962534743307669	-0.381605948675555
52	CACFD1	18.8466666666667	11.84	0.0546409056623072	-0.628251518394576
53	CAND1	101.9	155.526666666667	0.0744362424403542	0.60516548061573
54	CAPN10	11.83	8.01666666666667	0.0962534743307669	-0.508855077096661
55	CAPN15	10.99	8.71333333333333	0.0864039346945094	-0.303793282070867
56	CAT	49.5466666666667	108.15	0.048395501376846	1.11062426942867
57	CCDC157	1.20666666666667	0.363333333333333	0.0420627748609251	-0.694730373865469
58	CCDC59	31.5666666666667	50.1533333333333	0.0878989581813574	0.651432192706917
59	CCL20	18.2833333333333	117.24	0.0211833510765283	2.61629181087245
60	CCT2	161.92	231.546666666667	0.0761136603100508	0.513356540907653
61	CDC14A	2.58333333333333	1.26666666666667	0.0488447267841806	-0.660730008339121
62	CDH6	145.61	57.8166666666667	0.054939664426795	-1.3176865810219
63	CDKN2A	76.8566666666667	50.55	0.0476856715241406	-0.594848151276074
64	CDS2	22.55	9.37666666666667	0.0627985763995915	-1.18238398375212
65	CENPA	16.03	11	0.0862642403271533	-0.505044029182662
66	CENPV	94.0133333333333	58.82	0.0441057515257521	-0.667502072292791
67	CHMP1A	40.9833333333333	27.74	0.0973964719589273	-0.546756654443111
68	CHP1	60.54	94.9066666666667	0.0488447267841806	0.640106659712192
69	CHRAC1	18.71	12.5533333333333	0.0997997860578756	-0.54028006191991
70	CIB1	47.4066666666667	29.36	0.0766190745064441	-0.673033961387103
71	CIDEB	22.38	10.1133333333333	0.0340459861699237	-1.0729833262664
72	CMAS	16.88	30.7	0.0842581126781958	0.826136103843452
73	CMTM3	29.4766666666667	12.79	0.0783182412148248	-1.14408266230325
74	CNIH3	3.17	4.66333333333333	0.080254031078244	0.441604063018401
75	CNKSR3	22.14	11.4266666666667	0.0616910189364397	-0.896949505174366
76	COMMD5	21.0433333333333	13.5433333333333	0.0729061521717005	-0.599984427860031
77	COMT	74.14	47.88	0.027375708179302	-0.620336830823041
78	COX8A	199.476666666667	280.48	0.0334310096158777	0.489598085903062
79	CPNE1	91.56	41.14	0.02993448787393	-1.13519855029018
80	CRLF1	80.5133333333333	2.32	0.0211833510765283	-4.61778091708291
81	CRLS1	48.2933333333333	30.1233333333333	0.0503694377837814	-0.663395960438202
82	CRYM	11.3466666666667	2.66333333333333	0.0393326836375388	-1.75289271231101
83	CSNK1E	61.26	44.8166666666667	0.0799948258168465	-0.44243307579002
84	CTNNAL1	42.2533333333333	60.7066666666667	0.0890330095695791	0.512615044890217
85	CXXC5	52.37	34.32	0.0504612443360161	-0.59554366833985
86	CYP19A1	0.0266666666666667	0.276666666666667	0.0415351157077898	0.314414041230056
87	D2HGDH	10.3433333333333	5.42333333333333	0.0576742517731945	-0.820450579669288
88	DANCR	135.5	165.416666666667	0.096287921589996	0.285898975802964
89	DCK	77.7366666666667	45.26	0.0855980610541092	-0.767270371017861
90	DCXR	51.33	37.9133333333333	0.0976038074727201	-0.427373691453632
91	DDAH2	127.76	64.32	0.0992165196255505	-0.979087785915983
92	DENND3	7.30666666666667	2.68333333333333	0.030102018121743	-1.17325769874521
93	DENND6B	0.94	0.226666666666667	0.0681011459755929	-0.661313386851271
94	DIDO1	35.6533333333333	19.9233333333333	0.0494499994115564	-0.808831697929872
95	DNAJB2	44.9766666666667	28.7533333333333	0.0760088815098261	-0.627850567804002
96	DNASE1	9.85333333333333	5.83	0.0299727492126448	-0.668180715255
97	DPAGT1	16.7666666666667	13.0333333333333	0.0843254228094481	-0.34031529969278
98	DPYSL2	12.8	4.41	0.0299727492126448	-1.35096776783872
99	DUSP3	90.3066666666667	66.1	0.0866116973307326	-0.444407434592445
100	DYNC2I2	35.9866666666667	16.8066666666667	0.0317404600121645	-1.05458781168849
101	DYNLRB1	60.21	37.25	0.0944667333468999	-0.678307620339187
102	E2F1	8.95	4.92666666666667	0.0639082348178147	-0.747475607322397
103	EEF1B2	437.446666666667	597.643333333333	0.0304326259135651	0.449295351709516
104	EEF1G	676.67	860.82	0.0962534743307669	0.34680367331456
105	EGFR-AS1	5.38333333333333	3.84666666666667	0.0379870110716236	-0.397317122892725
106	EGLN2	55.28	39.8066666666667	0.0627873098350152	-0.463817461151125
107	EIF6	172.376666666667	112.626666666667	0.0625027557592993	-0.609608295308475
108	ELP2	33.7866666666667	54.22	0.0408368202725829	0.666656444491774
109	ENPP1	30.91	60.5866666666667	0.0582592761576514	0.948609436848568
110	ENPP2	34.6633333333333	59.03	0.0807769778119483	0.751242114785336
111	ENTPD6	29.0566666666667	15.75	0.0434145894615489	-0.843523925323195
112	EPDR1	14.1666666666667	6.40333333333333	0.0582592761576514	-1.03465715242644
113	EPHA2	23.49	13.09	0.0458165222747933	-0.797521162254341
114	EPM2A	1.9	3.31666666666667	0.0881097673790573	0.573864791837825
115	ERGIC1	55.44	39.56	0.0415001406897677	-0.476660335593923
116	ERLIN1	14.7066666666667	21.92	0.0900924600487733	0.5452300056476
117	ERN1	5.00333333333333	9.07333333333333	0.0622483194783298	0.746705479258553
118	ETFB	75.1666666666667	103.49	0.0532556182498377	0.456133214196241
119	ETFRF1	9.11	21.43	0.0299727492126448	1.14964662318326
120	ETNK1	50.1933333333333	89.3566666666667	0.0552173830522657	0.819675102403197
121	ETV4	13.3933333333333	3.05666666666667	0.041104467578492	-1.82703407530878
122	EXOSC6	11.17	8.00666666666667	0.0864597110326628	-0.4342639941092
123	EXTL3	17.9833333333333	9.74666666666667	0.0544509246841496	-0.820844098067507
124	FADD	30.7933333333333	42.9466666666667	0.0851214431152904	0.467029459788861
125	FAM114A1	27.8866666666667	14.4033333333333	0.0801892799568375	-0.907161147105334
126	FAM171A2	12.9866666666667	3.74666666666667	0.0334310096158777	-1.55906553161087
127	FAM228B	2.59	1.43666666666667	0.060417887281187	-0.55907493859177
128	FAM89A	14.3466666666667	19.77	0.0916316787130262	0.436575883433573
129	FAT1	100.003333333333	50.99	0.0422077683760758	-0.958096845557225
130	FBRS	15.6866666666667	8.71	0.0359307081849771	-0.781152589547983
131	FDX1	5.26666666666667	7.22	0.0753702267905893	0.391440137837839
132	FKBP2	39.94	64.9566666666667	0.0488447267841806	0.688007386999467
133	FRS2	13.3133333333333	19.4333333333333	0.0778957796090136	0.513564882719371
134	FURIN	78.79	54.1933333333333	0.0757070203339631	-0.531713928317372
135	FUT4	2.49	1.68666666666667	0.0591899125775278	-0.377409698402841
136	GALR2	3.52	0.51	0.0276593071684731	-1.58177422309011
137	GAS2	19.1466666666667	29.68	0.0785847548050666	0.60675732305926
138	GAS5	109.283333333333	241.116666666667	0.0250255346466111	1.13448761520688
139	GCHFR	66.5233333333333	44.5233333333333	0.0455996134772288	-0.568779926100105
140	GCLM	11.1866666666667	17.8766666666667	0.074665044950447	0.631300459429512
141	GDF15	119.85	79.2	0.0604144359161124	-0.591543331310662
142	GFOD1	1.27333333333333	3.2	0.0410337152507767	0.885580089363106
143	GINS1	29.7566666666667	13.11	0.089350439864063	-1.12418116802863
144	GLMP	70.0966666666667	101.433333333333	0.0753702267905893	0.526831439736235
145	GLS	96.93	139.126666666667	0.0785847548050666	0.516908742875619
146	GLTPD2	14.1633333333333	38.6933333333333	0.0299727492126448	1.38830978694638
147	GNAS	559.593333333333	279.386666666667	0.0380355992497161	-0.999536841753354
148	GPAT4	131.25	100.933333333333	0.0939429417113252	-0.37564181636174
149	GPC5	10.2066666666667	4.26333333333333	0.0312250406853097	-1.09030855337593
150	GPC6	59.3866666666667	24.8966666666667	0.027375708179302	-1.2214636277417
151	GPRC5C	72.7766666666667	51.0033333333333	0.051962292276473	-0.504560506777608
152	GPRIN3	5.34666666666667	1.72666666666667	0.027375708179302	-1.21886073036619
153	GREB1	8.97	4.47	0.0421278497694736	-0.866052671605639
154	GRK5	0.706666666666667	0.306666666666667	0.0521754050625179	-0.385290155884792
155	GSS	44.69	25.09	0.0942145669331196	-0.808381498390996
156	H1-5	529.503333333333	348.52	0.0334310096158777	-0.60198680521862
157	H2AC6	447.263333333333	310.436666666667	0.061228367387107	-0.525407687268814
158	H2AC8	344.22	207.86	0.0627873098350152	-0.724979828239641
159	H2BC11	308.453333333333	198.256666666667	0.05544083282891	-0.635093868024865
160	H2BC15	201.343333333333	154.04	0.0299727492126448	-0.384164841017265
161	H2BC17	280.78	196.26	0.0422783021420591	-0.514470777780857
162	H2BC21	58.7566666666667	42.23	0.0759561322788583	-0.467066838038013
163	H2BC4	737.043333333333	541.07	0.0866116973307326	-0.44522635941384
164	H3C1	196.983333333333	108.63	0.0465024837194958	-0.852736343677405
165	H3C4	357.583333333333	240.73	0.0400104666836477	-0.568911903982687
166	H4C3	873.916666666667	690.353333333333	0.0851214431152904	-0.339722386563235
167	H4C5	602.86	439.626666666667	0.0422783021420591	-0.454657301885674
168	H4C9	243.233333333333	139.54	0.0516180631568979	-0.797279311281803
169	HACD1	8.02	18.53	0.0506826795789783	1.11449261063141
170	HAX1	79.69	112.113333333333	0.0449100699588692	0.487307203375484
171	HDAC7	16.0733333333333	11.09	0.0662496358793753	-0.497930507627189
172	HINT3	11.1966666666667	14.9166666666667	0.0880747405957938	0.384051317471386
173	HIPK3	24.7933333333333	37.0933333333333	0.0453885373263092	0.562540307493156
174	HMGCR	45.13	70.4066666666667	0.0746502919493111	0.630353480981747
175	HOXA-AS2	6.66666666666667	10.5066666666667	0.0320948789261098	0.585798603347217
176	HSD11B2	10.0433333333333	4.59333333333333	0.0462277711666692	-0.981395487641191
177	HULC	14.52	44.0966666666667	0.0341607938658398	1.53889224266972
178	HYAL2	14.9533333333333	7.61333333333333	0.0306710076212746	-0.889214326844574
179	HYI	36.5866666666667	28.9633333333333	0.0765069442460462	-0.327022848852229
180	ID2	137.196666666667	213.063333333333	0.0465024837194958	0.631314881249606
181	IER2	19.66	14.4533333333333	0.054293281265606	-0.418922188579744
182	IFT122	6.63666666666667	3.61	0.0962534743307669	-0.728176302154181
183	IGF2-AS	2.91666666666667	4.48	0.0467436835553352	0.484549542229321
184	IGFBP3	19.9366666666667	34.9133333333333	0.0602112687332745	0.778487795838956
185	INO80E	35.6466666666667	27.1566666666667	0.0957925328368427	-0.380205428348154
186	INSIG2	33.51	17.6666666666667	0.083118753063183	-0.886550147324343
187	INTS13	19.6	34.0733333333333	0.0869125118446731	0.767730211943053
188	IQCE	15.8866666666667	7.71	0.0821778357530789	-0.95513995239248
189	IRGQ	23.9533333333333	15.9933333333333	0.0640756589622491	-0.55426367487776
190	ITGB5	99.55	71.4733333333333	0.0672713236404171	-0.472390925468965
191	ITPA	47.8	29.3666666666667	0.096287921589996	-0.684392594481992
192	ITPKA	10.7966666666667	8.29666666666667	0.0577540865590212	-0.343593827396918
193	ITPRIPL2	5.94	3.80666666666667	0.064747218407625	-0.529898904058595
194	KANK4	2.09666666666667	1.29333333333333	0.0518560048381914	-0.433270031680555
195	KAT14	14.81	8.31666666666667	0.0437980836649442	-0.762951585348975
196	KIAA1671	13	4.81666666666667	0.0292123853890556	-1.26716229145647
197	KIF12	8.38333333333333	4.03	0.0952026710126454	-0.899542116440909
198	KIF22	60.09	41.1733333333333	0.0851214431152904	-0.534605185284008
199	KIRREL1	14.1866666666667	7.13	0.0422783021420591	-0.901477988911928
200	KISS1R	25.2166666666667	14.4333333333333	0.098292979627528	-0.76443457215545
201	KLHL23	45.8666666666667	31.5033333333333	0.0534183982519604	-0.527974509301041
202	KLHL7	35.69	27.2066666666667	0.0831213893851011	-0.379350719613349
203	KRAS	25.45	56.2233333333333	0.0507229995453363	1.11333581662557
204	L3MBTL1	2.72	1.01666666666667	0.0637277268679524	-0.883329979667231
205	LARP4	50.4866666666667	73.0033333333333	0.0962534743307669	0.523391384883999
206	LBR	91.6433333333333	131.36	0.0515235665055801	0.514708128813864
207	LIN7A	16.7966666666667	30.8066666666667	0.0570920549878438	0.837722137319793
208	LINC00261	96.5533333333333	53.32	0.0575988264807881	-0.84470769003596
209	LINC00467	8.27	16.3266666666667	0.033894619922798	0.902352889125514
210	LLGL2	52.8033333333333	42.11	0.0887229370130055	-0.31967299380636
211	LRRC8A	24.9366666666667	17.7433333333333	0.0626722463675558	-0.468615532796843
212	LSM14B	22.54	13.8766666666667	0.0620045526092396	-0.662063014507745
213	LSP1P4	161.876666666667	101.633333333333	0.0621376764227531	-0.666280574860508
214	LTBP1	58.0366666666667	12.79	0.0204292923105203	-2.09798880927491
215	LYPD6B	45.3466666666667	14.6566666666667	0.0465024837194958	-1.56568848855661
216	LYPLA2	66.5966666666667	46.8066666666667	0.0759708261464961	-0.499740289071531
217	LZTS2	16.01	12.0633333333333	0.0849669757548827	-0.380860068782331
218	MAGI2	1.26333333333333	0.73	0.027375708179302	-0.387677035886851
219	MAGOHB	18.2	30.4066666666667	0.0944772397409071	0.709964520338247
220	MAL2	72.4633333333333	107.253333333333	0.0849669757548827	0.559315185387409
221	MAML3	3.02666666666667	1.2	0.0414059536763006	-0.872082525079263
222	MAN2A2	37.14	25.4666666666667	0.056071771415723	-0.527128337003592
223	MAVS	18.3966666666667	10.1233333333333	0.0574655314683032	-0.802219559569004
224	MAZ	183.673333333333	130.083333333333	0.0535836450923239	-0.494491292546862
225	MBNL2	84.2866666666667	33.4633333333333	0.0334310096158777	-1.30725796728812
226	MCM8	19.2766666666667	11.6766666666667	0.0909700599302118	-0.677645065241413
227	METAP2	54.8333333333333	99.96	0.0602112687332745	0.854585220583846
228	MGST1	94.69	165.76	0.0664952942826155	0.801333207144725
229	MINDY1	7.7	6.16333333333333	0.0983121125007728	-0.280384324029463
230	MINDY4	6.58666666666667	3.34333333333333	0.0470380745656723	-0.804663473738447
231	MMP14	42.9533333333333	15.7933333333333	0.0692921238524052	-1.3880839592876
232	MOCS3	4.00333333333333	2.84666666666667	0.0471459592631478	-0.379280752975206
233	MPC2	145.613333333333	211.283333333333	0.0422077683760758	0.533974796405918
234	MPDU1	95.9033333333333	76.09	0.048395501376846	-0.330002565074147
235	MRAS	10.2566666666667	24.7966666666667	0.0864039346945094	1.19640498027413
236	MRPL19	51.8033333333333	60.6733333333333	0.0538411284133574	0.224017817567945
237	MRPL42	72.0633333333333	99.4666666666667	0.0878467011176252	0.459497436518231
238	MRPL52	134.5	112.34	0.0692921238524052	-0.25763574401907
239	MRPS21	37.93	46.74	0.082374065133982	0.294316221734493
240	MRPS26	41.8866666666667	25.3366666666667	0.0178902938152793	-0.703456427326611
241	MRPS35	65.0933333333333	104.083333333333	0.0842581126781958	0.668957206632618
242	MTCL1	40.54	16.1366666666667	0.0453885373263092	-1.27741470481548
243	MTG2	24.7	17.4166666666667	0.0928810781237828	-0.48075639563624
244	MTHFS	25.1266666666667	49.8333333333333	0.0612531922329578	0.960251764622764
245	MYBL2	60.5733333333333	26.0466666666667	0.083118753063183	-1.18685487056784
246	NACC2	10.5833333333333	7.92	0.0847237863245187	-0.376934861856771
247	NCOA6	10.7833333333333	6.00666666666667	0.0680951831090318	-0.749947545734583
248	NDE1	36.3833333333333	28.9033333333333	0.0827045580485039	-0.322088903563992
249	NDUFV1	99.9	160.403333333333	0.0494499994115564	0.677744199300365
250	NEK6	43.7	27.0266666666667	0.0828362983816529	-0.673474662829658
251	NELFB	26.1633333333333	18.7933333333333	0.0323217134355103	-0.456645937361843
252	NETO2	19	3.96	0.027375708179302	-2.01158797427521
253	NEURL1B	3.21333333333333	0.216666666666667	0.0458420103880872	-1.79202809440972
254	NFATC4	4.24666666666667	1.00666666666667	0.0406526542383621	-1.38660014874778
255	NFIB	10.3933333333333	5.61	0.0317404600121645	-0.785467719447291
256	NFIX	11.8466666666667	4.90666666666667	0.0711020513783351	-1.1209779677407
257	NINL	17.6166666666667	7.01	0.0211833510765283	-1.21672063224081
258	NIPSNAP2	57.17	35.9866666666667	0.0842581126781958	-0.653270017225502
259	NME4	69.8933333333333	46.5266666666667	0.0664952942826155	-0.576912745462826
260	NOMO2	48.15	61.74	0.0999096699883845	0.35219411261566
261	NPSR1-AS1	5.87333333333333	2.79	0.0783182412148248	-0.85881207847586
262	NR1H4	4.75	38.07	0.0824906987416316	2.76442739435194
263	NR2F6	46.0433333333333	35.7433333333333	0.0999096699883845	-0.356507775521884
264	NRP1	75.3	49.77	0.0849669757548827	-0.58770679699227
265	NSFL1C	54.1866666666667	32.9	0.087332424844912	-0.703034474485428
266	NSMCE4A	27.7633333333333	22.05	0.0714929307460881	-0.319464126263294
267	NT5C2	91.55	53.3033333333333	0.0616910189364397	-0.769192231552947
268	NTHL1	19.23	15.0733333333333	0.0962612036923293	-0.331827169676913
269	NTN1	5.89	3.23	0.0638512831540275	-0.703846319584341
270	NUP37	24.83	36.9333333333333	0.0625650225460185	0.554418508354788
271	NUP50-DT	4.52666666666667	7.37666666666667	0.090464311078123	0.599966664384905
272	NXT1	22.1466666666667	13.2333333333333	0.0591899125775278	-0.701530877936626
273	OGG1	18.4633333333333	12.0233333333333	0.0334310096158777	-0.579660055608809
274	OSBPL6	4.87333333333333	3.50666666666667	0.0926299046057434	-0.382118772638229
275	OSTC	70.7266666666667	102.413333333333	0.0966972017336429	0.527840716358417
276	PALM	69.1033333333333	30.22	0.0422783021420591	-1.16701250705042
277	PAQR8	17.77	33.6833333333333	0.0299727492126448	0.885813909070667
278	PARP16	5.17666666666667	2.86666666666667	0.0476783246027465	-0.675738076012331
279	PCCA	41.6333333333333	23.4666666666667	0.055307356093173	-0.801164296038424
280	PCGF3	59.3866666666667	37.8266666666667	0.0592279465142815	-0.637182183851415
281	PDE9A	21.0333333333333	11.33	0.0876305356002895	-0.837514971271059
282	PDGFA	89.0533333333333	25.63	0.0470380745656723	-1.75772725007571
283	PDLIM2	14.87	7.39	0.0379870110716236	-0.919559412395358
284	PFDN2	39.15	55.9033333333333	0.0740269047761467	0.503113178719223
285	PGM3	55.8233333333333	75.54	0.0995067683909377	0.429730436560684
286	PHB2	152.513333333333	203.053333333333	0.0501893699918366	0.410582312392169
287	PKIG	17.1533333333333	5.29	0.0582562504904557	-1.52910255944335
288	PKN3	8.58666666666667	3.66	0.0729061521717005	-1.04069931506386
289	PLCB1	70.12	48.47	0.0935954102854958	-0.523701424671147
290	PLCE1	6.05666666666667	4.29	0.0999096699883845	-0.415719141172407
291	PLEKHO1	32.1066666666667	14.1433333333333	0.0626722463675558	-1.1284389561201
292	PLSCR3	8.85666666666667	3.65333333333333	0.0530384789613597	-1.08283530191067
293	POFUT1	52.56	36.36	0.0809773060337127	-0.519661505614649
294	POLR3C	33.1933333333333	50.5433333333333	0.0558113933304096	0.592070769435562
295	PPARG	54.4333333333333	34.1433333333333	0.0421278497694736	-0.657502725816266
296	PPP1R15A	25.5233333333333	14.1266666666667	0.0809066030630722	-0.810167989984606
297	PRDX2	258.883333333333	165.26	0.086441007787993	-0.644422998156035
298	PRMT1	187.156666666667	157.213333333333	0.0576742517731945	-0.25006321992328
299	PROC	12.2233333333333	19.2333333333333	0.0599575208699221	0.613648118997764
300	PROCA1	0.763333333333333	0.456666666666667	0.0658642926758767	-0.275634442613427
301	PROM1	211.81	117.703333333333	0.0582592761576514	-0.842205496893492
302	PRR5	11.2333333333333	5.81333333333333	0.0941052112575297	-0.844384866792954
303	PRR7	2.91333333333333	0.97	0.0422783021420591	-0.99020237293252
304	PRXL2A	49.38	30.4066666666667	0.0962534743307669	-0.681780290787476
305	PTHLH	40.4733333333333	27.2866666666667	0.0617948416182693	-0.552061827624503
306	PTK7	40.95	23.8866666666667	0.069453314192064	-0.753297802745272
307	PTOV1	119.17	63.8333333333333	0.0299727492126448	-0.890269122979502
308	PTPRA	24.09	11.11	0.0341860150884854	-1.05091360571484
309	PTTG1IP	130.956666666667	87.9466666666667	0.0899894481378276	-0.569051794122053
310	PUF60	109.983333333333	78.34	0.0898594656396592	-0.484222736838083
311	PURA	5.01333333333333	3.65	0.0910328438933473	-0.370934216538831
312	PWWP3A	44.6066666666667	26.0833333333333	0.070914300361296	-0.751839416993684
313	PYGB	31.0466666666667	16.97	0.0341401358079499	-0.834583893906798
314	QPRT	183.353333333333	145.283333333333	0.0613554288171494	-0.33370809574323
315	RAE1	38.3	24.8333333333333	0.0371184324282568	-0.605295502818163
316	RALGAPB	26.42	14.6166666666667	0.0876305356002895	-0.812142023953833
317	RAP1GAP	26.3033333333333	10.6766666666667	0.0330949541167263	-1.22544860621366
318	RBCK1	34.78	24.9533333333333	0.0601736987509515	-0.463233543425781
319	RBL1	16.7533333333333	8.63333333333333	0.0962534743307669	-0.881982935822573
320	RBM5	30.33	26.0466666666667	0.086441007787993	-0.212093967885937
321	RBP4	87.4166666666667	329.55	0.040004353489569	1.90247826426751
322	RCN1	35.47	56.2533333333333	0.064964519853903	0.650649490801505
323	REEP4	11.5666666666667	7.94666666666667	0.0998771445140353	-0.490179851955843
324	RESF1	22.1066666666667	38.33	0.092518081674393	0.767321032503897
325	REXO5	4.50333333333333	8.71	0.0524780316846552	0.81916558122709
326	RHOBTB1	17.8766666666667	10.24	0.0638512831540275	-0.747961993545499
327	RIOK1	18.9266666666667	29.63	0.0807769778119483	0.620244970642019
328	RNF114	32.6966666666667	22.2266666666667	0.0532553716393773	-0.536823761327467
329	RNF115	18.43	27.42	0.0800106186421923	0.548620653657436
330	RNF181	109.84	92.9066666666667	0.0876169799993282	-0.239179128813235
331	RNF19A	52.86	20.8066666666667	0.0735201734811308	-1.30444497114005
332	RNF34	30.04	43.2066666666667	0.0751684260831988	0.510135396744954
333	ROMO1	189.29	114.33	0.039262827222311	-0.722431907854758
334	RPL18A	778.57	703.283333333333	0.0875312547057498	-0.146522630627153
335	RPL27A	972.326666666667	1370.23	0.0976038074727201	0.494474591555073
336	RPL41	1720.24666666667	2180.46333333333	0.0473409398391181	0.34184236421532
337	RPL6	990.636666666667	1389.04666666667	0.0465024837194958	0.487249795457077
338	RPS10	1079.56333333333	1345.54333333333	0.083118753063183	0.317477025137501
339	RPS15	843.936666666667	760.176666666667	0.09967384872667	-0.150611868861304
340	RPS27L	149.786666666667	227.916666666667	0.0843254228094481	0.60231364085618
341	RRP15	20.3366666666667	27.39	0.0729061521717005	0.412048041179873
342	RTEL1	12.6266666666667	6.31333333333333	0.0802091916311185	-0.897831670534429
343	RXYLT1	11.43	16.3766666666667	0.0946694847498827	0.483325062822371
344	S100A13	53.37	36.67	0.0833775903074406	-0.529394794850709
345	SCAND1	50.3	33.1833333333333	0.0922755027243541	-0.585665739848358
346	SCARB1	25.1433333333333	43.7433333333333	0.0869125118446731	0.775229640032415
347	SDC2	97.7066666666667	153.493333333333	0.0944276350946059	0.646325151596314
348	SDCBP2-AS1	5.59666666666667	3.52333333333333	0.051962292276473	-0.544350891628658
349	SEC11C	41.3	83.26	0.0764404005553401	0.994190252554943
350	SELENOM	44.2166666666667	78.5633333333333	0.0306710076212746	0.815249077858915
351	SELENOW	56.5733333333333	20.45	0.0334944428967056	-1.42442309491444
352	SEMA4B	9.74333333333333	4.51333333333333	0.089350439864063	-0.96244495388827
353	SEPTIN9	221.62	151.456666666667	0.0627678477434242	-0.54618397076413
354	SERP1	44.8266666666667	78.04	0.0299727492126448	0.786395595933537
355	SGK2	40.72	26.6133333333333	0.0783182412148248	-0.59537410502041
356	SH2D3A	4.32	2.06333333333333	0.0211833510765283	-0.796323884933311
357	SHMT2	61.27	86.6933333333333	0.083118753063183	0.493929890335998
358	SIRT5	12.3733333333333	16.3333333333333	0.0912281478044199	0.374190017303636
359	SKOR1	0.0666666666666667	0.00333333333333333	0.0747670237615818	-0.0883084181276602
360	SLC15A4	17.74	26.3933333333333	0.0526402723445342	0.547703876787313
361	SLC16A5	0.506666666666667	1.16666666666667	0.0613942108871237	0.524116945500629
362	SLC1A3	23.2533333333333	99.8766666666667	0.0690512157965589	2.05633756227456
363	SLC22A18	13.7566666666667	7.32	0.089350439864063	-0.826711439235617
364	SLC25A29	15.3366666666667	9.24666666666667	0.0821016425470768	-0.672958981718985
365	SLC25A3	310.93	459.846666666667	0.0591899125775278	0.563064504459041
366	SLC35D1	8.28666666666667	15.4433333333333	0.0498867379589707	0.82427002939324
367	SLC38A1	54.6	75.9866666666667	0.0579312866737062	0.469523723903956
368	SLC47A1	20.1566666666667	21.9466666666667	0.0887229370130055	0.117172254757424
369	SLC4A4	43.7733333333333	10.5833333333333	0.0646397011799256	-1.9505892524388
370	SMAD6	3.31333333333333	1.68333333333333	0.0827045580485039	-0.684776928990528
371	SMG9	32.27	18.7966666666667	0.0317404600121645	-0.748964334315473
372	SMLR1	9.02	17.94	0.0469130208206219	0.918553822273177
373	SMOX	18.27	7.53666666666667	0.0420627748609251	-1.17461181941941
374	SNHG11	13.11	5.27	0.0629189057279539	-1.17018063979523
375	SNHG9	7.94	10.2233333333333	0.0964784818607557	0.328154483923172
376	SNRPB	296.253333333333	165.156666666667	0.0951162742185047	-0.839148809004956
377	SOD2	68.4566666666667	99.7033333333333	0.0582592761576514	0.535926357782428
378	SORBS1	20.8766666666667	12.1433333333333	0.0826197217377326	-0.735061722655355
379	SOX4	171.863333333333	88.99	0.0534183982519604	-0.94179528796926
380	SPAG1	14.4566666666667	8.00333333333333	0.0564208632006695	-0.779698086865558
381	SPAG7	31.9866666666667	23.7566666666667	0.0613554288171494	-0.414065922004001
382	SPATA13	20.06	11.8833333333333	0.069339027789443	-0.708999522934663
383	SPHK1	23.0233333333333	6.55	0.0422783021420591	-1.66988779507443
384	SPINT1	71.7433333333333	43.3	0.0434145894615489	-0.715508337451598
385	SPNS1	27.4433333333333	21.2766666666667	0.0833065086456584	-0.352557173828655
386	SPR	29.9166666666667	25.4733333333333	0.0801892799568375	-0.22384492087106
387	SSTR2	0.923333333333333	1.52666666666667	0.0808049125385572	0.393626529525609
388	ST20	11.39	25.3	0.0299727492126448	1.08588661203906
389	ST20-AS1	1.21	2.16333333333333	0.0616910189364397	0.517399216908522
390	STK24	110.75	77.8	0.0935949211945938	-0.504007296614304
391	STK25	86.96	61.26	0.0809965750455399	-0.498542027385789
392	STK35	11.5766666666667	5.84333333333333	0.039262827222311	-0.877978472701508
393	STRN4	40.3766666666667	27.8133333333333	0.0943139736298284	-0.522080853877
394	STX16-NPEPL1	2.16	0.62	0.061413628926998	-0.963930745292478
395	SUCLG1	64.7733333333333	85.4766666666667	0.0827045580485039	0.394808127347622
396	SUN2	48.31	32.9466666666667	0.0667117883556409	-0.538610334320917
397	TAF10	64.5666666666667	101.566666666667	0.0535836450923239	0.645527486055015
398	TAF8	21.5966666666667	13.69	0.054293281265606	-0.621275574173292
399	TBC1D30	2.95666666666667	8.93333333333333	0.0385417763812104	1.32799239570762
400	TCF12	82.7833333333333	58.1233333333333	0.0669420755861495	-0.502935673256974
401	TCF7L1	4.40666666666667	1.91666666666667	0.0862642403271533	-0.890418897497582
402	TEDC1	17.2	9.98333333333333	0.0394714077903499	-0.728622485911801
403	TEN1	18.3333333333333	14.7266666666667	0.0876305356002895	-0.297877481662834
404	TEN1-CDK3	1.12666666666667	0.556666666666667	0.0877725917196619	-0.450133874055208
405	TESC	21.06	5.89666666666667	0.0250255346466111	-1.67746164645253
406	TFB1M	33.2266666666667	24.3933333333333	0.0410337152507767	-0.430671008012078
407	TFDP1	99.7566666666667	68.5766666666667	0.060809341592097	-0.534199831322334
408	TGFB2	9.92	2.42666666666667	0.0818447970106261	-1.67209509244713
409	TGIF2	31.52	19.47	0.0984918108691779	-0.667816155051617
410	THEM6	13.8766666666667	10.3766666666667	0.0449589318470012	-0.38697339215299
411	THOP1	93.7666666666667	70.1766666666667	0.0719525992444359	-0.412975322796362
412	TLE5	263.03	193.696666666667	0.0828907835739629	-0.439473678493871
413	TM9SF4	37.0533333333333	24.21	0.0834628597991963	-0.594026715896067
414	TMBIM6	298.493333333333	443.77	0.0582592761576514	0.57053559146339
415	TMED1	35.0033333333333	23.7733333333333	0.0580339574711587	-0.539342482245686
416	TMED2	136.52	203.426666666667	0.0731243136546949	0.571941952601301
417	TMEM106B	142.993333333333	255.78	0.0465024837194958	0.834530819973397
418	TMEM116	4.43	6.94	0.0843254228094481	0.548186809338596
419	TMEM138	9.30666666666667	15.02	0.0577540865590212	0.636296329205019
420	TMEM175	8.64	11.7466666666667	0.0785847548050666	0.403014971029631
421	TMEM181	35.8566666666667	22.9033333333333	0.0892430227578215	-0.624713782013831
422	TMEM44	23.1866666666667	9.71	0.0731243136546949	-1.17525347505711
423	TMEM51	7.38	2.85	0.0422783021420591	-1.12209179811709
424	TMSB10	3052.26	2058.73666666667	0.054293281265606	-0.567890543865676
425	TMX2	48.3433333333333	73.55	0.0710963459628725	0.595353173939323
426	TNFRSF19	17.68	2.84	0.0585301857580295	-2.28231623898851
427	TNFSF9	5.69333333333333	3.34333333333333	0.0341401358079499	-0.623922185382637
428	TPD52L2	59.9	39.3066666666667	0.0800106186421923	-0.595423749887144
429	TPI1	398.013333333333	586.636666666667	0.0535836450923239	0.558487462300891
430	TRIAP1	23.24	37.71	0.0421991357695946	0.67531660881936
431	TRIM65	7.25333333333333	4.23666666666667	0.0887429229757316	-0.656328133920069
432	TSHZ2	15.7233333333333	3.78333333333333	0.0613942108871237	-1.80577420120125
433	TSPAN3	132.83	79.0233333333333	0.0962534743307669	-0.741908924131755
434	TST	21.9533333333333	33.9666666666667	0.0467367587041638	0.607276591894715
435	TTYH3	89.3566666666667	49.64	0.0785847548050666	-0.835353644714497
436	TWF1	39.1033333333333	77.5133333333333	0.0523976339952444	0.969215520468916
437	TXNIP	1.34	30.1366666666667	0.0651258966499634	3.73403407016124
438	TYRO3	57.2533333333333	35.89	0.0862642403271533	-0.659110816028242
439	U2AF2	86.4233333333333	64.7633333333333	0.0968332441919844	-0.410734960703985
440	UBASH3B	13.68	2.55333333333333	0.0334310096158777	-2.04660703080519
441	UBE2C	142.373333333333	81.1966666666667	0.0775983355221826	-0.802624921110254
442	UBE2N	64.4366666666667	91.95	0.0680637553100203	0.50635560564798
443	UCK2	49.4266666666667	69	0.0591899125775278	0.473168059491086
444	UNC93B1	10.2966666666667	13.61	0.0681011459755929	0.37105904204066
445	USP38	14.6733333333333	21.3366666666667	0.0944772397409071	0.511101868129892
446	UTRN	100.816666666667	62.1566666666667	0.0806737920663798	-0.688966805095739
447	VPS18	21.6133333333333	16.4566666666667	0.0802091916311185	-0.373395565113848
448	WASHC4	25.69	41.4166666666667	0.0924235659351651	0.668331944987297
449	WBP1L	12.7666666666667	8.65333333333333	0.0450993336707876	-0.512080179223603
450	WNK4	2.14666666666667	0.426666666666667	0.0604939849395485	-1.14117606296069
451	WTAP	68.0933333333333	49.7233333333333	0.0943139736298284	-0.445896958092152
452	XBP1	176.97	266.663333333333	0.0334244380305176	0.588785450745688
453	XPOT	52.61	91.5833333333333	0.0692921238524052	0.788250370680014
454	XXYLT1	18.9733333333333	12.1066666666667	0.0573719745440231	-0.60777430211817
455	YPEL2	9.23	5.65	0.0801929573700352	-0.621379899356777
456	ZCCHC8	17.1366666666667	29.4433333333333	0.0949823167241988	0.747217004889716
457	ZDHHC14	11.3433333333333	5.52333333333333	0.0665248342759756	-0.920050793544826
458	ZFAS1	134.676666666667	78.27	0.0957720251762064	-0.775325749501768
459	ZFHX4	32.9066666666667	46.7166666666667	0.0306957149466089	0.492924303196609
460	ZFP36L1	41.7933333333333	23.2166666666667	0.0883355078307394	-0.821385763132455
461	ZFP41	7.37	2.84	0.0692921238524052	-1.12412131182919
462	ZFP64	10.0366666666667	4.69333333333333	0.0417735586981556	-0.954959035776509
463	ZGPAT	17.4866666666667	10.1566666666667	0.0650343824258884	-0.728579065352949
464	ZNF219	22.23	14.93	0.0739991363731858	-0.544242887283498
465	ZNF428	35.17	17.36	0.0832208228987116	-0.978227539241966
466	ZNF512B	12.5166666666667	7.54333333333333	0.0603937606758518	-0.661868435813058
467	ZNF576	10.7266666666667	9.06666666666667	0.089350439864063	-0.22020693325952
468	ZNF584	6.28	3.44333333333333	0.0276593071684731	-0.712296075830879
469	ZNF672	18.25	16.7533333333333	0.0802091916311185	-0.116768517980168
470	ZNF775	3.99	2.01333333333333	0.0869758087099865	-0.727679543643229
471	ZNRD2	35.6433333333333	51.0733333333333	0.0935954102854958	0.506994012884089
472	ZNRF2	10.8933333333333	16.4366666666667	0.0841444839738592	0.551971154757692
